=========== GENERACION 1 ===========
10 ; 104 ; 0000000000000000000000000000000001101000 ; 0000000000000000000000000000000001100100 ; 0000000000000000000000000000000000100100 , 36
8 ; 68 ; 0000000000000000000000000000000001000100 ; 0000000000000000000000000000000001001000 ; 0000000000000000000000000000000000001000 , 8
7 ; 53 ; 0000000000000000000000000000000000110101 ; 0000000000000000000000000000000000111101 ; 0000000000000000000000000000000001111101 , 125
5 ; 29 ; 0000000000000000000000000000000000011101 ; 0000000000000000000000000000000000010101 ; 0000000000000000000000000000000001010101 , 85
3 ; 13 ; 0000000000000000000000000000000000001101 ; 0000000000000000000000000000000000001000 ; 0000000000000000000000000000000001001000 , 72
2 ; 8 ; 0000000000000000000000000000000000001000 ; 0000000000000000000000000000000000001101 ; 0000000000000000000000000000000001001101 , 77
2 ; 8 ; 0000000000000000000000000000000000001000 ; 0000000000000000000000000000000000000101 ; 0000000000000000000000000000000001000101 , 69
1 ; 5 ; 0000000000000000000000000000000000000101 ; 0000000000000000000000000000000000001000 ; 0000000000000000000000000000000001001000 , 72

=========== GENERACION 2 ===========
125 ; 15629 ; 0000000000000000000000000011110100001101 ; 0000000000000000000000000011110100011101 ; 0000000000000000000000000011110101011101 , 15709
85 ; 7229 ; 0000000000000000000000000001110000111101 ; 0000000000000000000000000001110000101101 ; 0000000000000000000000000001110001101101 , 7277
77 ; 5933 ; 0000000000000000000000000001011100101101 ; 0000000000000000000000000001011100100100 ; 0000000000000000000000000001011101100100 , 5988
72 ; 5188 ; 0000000000000000000000000001010001000100 ; 0000000000000000000000000001010001001101 ; 0000000000000000000000000001010000001101 , 5133
72 ; 5188 ; 0000000000000000000000000001010001000100 ; 0000000000000000000000000001010001011101 ; 0000000000000000000000000001010000011101 , 5149
69 ; 4765 ; 0000000000000000000000000001001010011101 ; 0000000000000000000000000001001010000100 ; 0000000000000000000000000001001011000100 , 4804
36 ; 1300 ; 0000000000000000000000000000010100010100 ; 0000000000000000000000000000010100000100 ; 0000000000000000000000000000010101000100 , 1348
8 ; 68 ; 0000000000000000000000000000000001000100 ; 0000000000000000000000000000000001010100 ; 0000000000000000000000000000000000010100 , 20

=========== GENERACION 3 ===========
15709 ; 246772685 ; 0000000000001110101101010111001111001101 ; 0000000000001110101101010111001111001101 ; 0000000000001110101101010111001110001101 , 246772621
7277 ; 52954733 ; 0000000000000011001010000000011001101101 ; 0000000000000011001010000000011001101101 ; 0000000000000011001010000000011000101101 , 52954669
5988 ; 35856148 ; 0000000000000010001000110001111100010100 ; 0000000000000010001000110001111100001101 ; 0000000000000010001000110001111101001101 , 35856205
5149 ; 26512205 ; 0000000000000001100101001000101101001101 ; 0000000000000001100101001000101101010100 ; 0000000000000001100101001000101100010100 , 26512148
5133 ; 26347693 ; 0000000000000001100100100000100010101101 ; 0000000000000001100100100000100010110100 ; 0000000000000001100100100000100011110100 , 26347764
4804 ; 23078420 ; 0000000000000001011000000010011000010100 ; 0000000000000001011000000010011000001101 ; 0000000000000001011000000010011001001101 , 23078477
1348 ; 1817108 ; 0000000000000000000110111011101000010100 ; 0000000000000000000110111011101000010100 ; 0000000000000000000110111011101001010100 , 1817172
20 ; 404 ; 0000000000000000000000000000000110010100 ; 0000000000000000000000000000000110010100 ; 0000000000000000000000000000000111010100 , 468

=========== GENERACION 4 ===========
246772621 ; 60896726475209645 ; 0100000000000101100010011111101110101101 ; 0100000000000101100010011111101110101101 ; 0100000000000101100010011111101111101101 , 274970835949
52954669 ; 2804196968899565 ; 0110011011111100001101100010001111101101 ; 0110011011111100001101100010001111101101 ; 0110011011111100001101100010001110101101 , 442318070701
35856205 ; 1285667437002029 ; 0100111011000110111000011011110100101101 ; 0100111011000110111000011011110100110100 ; 0100111011000110111000011011110101110100 , 338344131956
26512148 ; 702893991573908 ; 0100011101000010101011101011100110010100 ; 0100011101000010101011101011100110001101 ; 0100011101000010101011101011100111001101 , 306061425101
26347764 ; 694204667799700 ; 0110000000011110101000000010100010010100 ; 0110000000011110101000000010100010001101 ; 0110000000011110101000000010100011001101 , 412830673101
23078477 ; 532616100639533 ; 0110100101011001011110101111001100101101 ; 0110100101011001011110101111001100110100 ; 0110100101011001011110101111001101110100 , 452472796020
1817172 ; 3302114077588 ; 0000000011010101010101100010101110010100 ; 0000000011010101010101100010101110010100 ; 0000000011010101010101100010101111010100 , 3579194324
468 ; 219028 ; 0000000000000000000000110101011110010100 ; 0000000000000000000000110101011110010100 ; 0000000000000000000000110101011111010100 , 219092

